Webots Project File version R2021b
perspectives: 000000ff00000000fd000000030000000000000320000003ecfc0100000001fb0000001e00480074006d006c0052006f0062006f007400570069006e0064006f00770000000000000003200000000000000000000000010000018600000304fc0200000001fb0000001400540065007800740045006400690074006f0072010000001a000003040000008700ffffff0000000300000780000000bcfc0100000001fb0000001a0043006f006e0073006f006c00650041006c006c0041006c006c0100000000000007800000006900ffffff000005f80000030400000001000000020000000100000008fc00000000
simulationViewPerspectives: 000000ff00000001000000020000016f000004870100000002010000000100
sceneTreePerspectives: 000000ff0000000100000002000000c0000000fa0100000002010000000200
maximizedDockId: -1
centralWidgetVisible: 1
orthographicViewHeight: 1
textFiles: 0 "controllers/sensoriums_1/sensoriums_1.cpp"
consoles: Console:All:All
renderingDevicePerspectives: robot:camera;1;0.314063;0.824849;0
renderingDevicePerspectives: robot:display;1;0.373438;0;0
