Webots Project File version R2021a
perspectives: 000000ff00000000fd00000003000000000000000000000000fc0100000001fb0000001a0044006f00630075006d0065006e0074006100740069006f006e0000000000ffffffff0000006900ffffff00000001000001ba00000321fc0200000001fb0000001400540065007800740045006400690074006f0072010000001a000003210000008700ffffff00000003000007800000009ffc0100000001fb0000001a0043006f006e0073006f006c00650041006c006c0041006c006c0100000000000007800000006900ffffff000005c40000032100000001000000020000000100000008fc00000000
simulationViewPerspectives: 000000ff0000000100000002000001930000031d0100000002010000000100
sceneTreePerspectives: 000000ff0000000100000002000000c0000000fc0100000002010000000200
minimizedPerspectives: 000000ff00000000fd00000003000000000000000000000000fc0100000001fb0000001a0044006f00630075006d0065006e0074006100740069006f006e0000000000ffffffff0000006900ffffff0000000100000077000003b6fc0200000001fb0000001400540065007800740045006400690074006f0072010000001a000003b60000008700ffffff000000030000078000000133fc0100000001fb0000001a0043006f006e0073006f006c00650041006c006c0041006c006c03ffffffe60000042f000007800000013300000707000003b600000001000000020000000100000008fc00000000
maximizedDockId: -1
centralWidgetVisible: 1
orthographicViewHeight: 1
textFiles: 0 "controllers/sensoriums_1/sensoriums_1.cpp"
globalOptionalRendering: ContactPoints::DistanceSensorRays
consoles: Console:All:All
renderingDevicePerspectives: robot:camera;1;0.4;0;0
renderingDevicePerspectives: robot:display;1;0.45625;0.72549;0
